246 18 329 399 71 39 -1 -1 -1 -1 
247 18 313 399 69 41 -1 -1 -1 -1 
247 22 166 392 71 35 -1 -1 -1 -1 
248 18 298 400 73 41 -1 -1 -1 -1 
248 22 152 392 70 36 -1 -1 -1 -1 
248 23 112 339 40 47 -1 -1 -1 -1 
249 18 278 401 73 40 -1 -1 -1 -1 
249 22 129 393 69 35 -1 -1 -1 -1 
249 23 86 339 45 47 -1 -1 -1 -1 
250 18 261 401 73 41 -1 -1 -1 -1 
250 22 107 396 72 33 -1 -1 -1 -1 
250 23 65 341 41 48 -1 -1 -1 -1 
251 18 251 401 71 41 -1 -1 -1 -1 
251 22 93 398 73 32 -1 -1 -1 -1 
251 23 51 343 44 47 -1 -1 -1 -1 
251 24 0 390 45 40 -1 -1 -1 -1 
252 18 249 401 71 42 -1 -1 -1 -1 
252 22 90 399 72 32 -1 -1 -1 -1 
252 23 50 344 43 47 -1 -1 -1 -1 
252 24 0 391 42 39 -1 -1 -1 -1 
253 18 244 402 71 41 -1 -1 -1 -1 
253 22 87 399 71 33 -1 -1 -1 -1 
253 23 43 343 43 49 -1 -1 -1 -1 
254 18 228 401 73 42 -1 -1 -1 -1 
254 22 72 399 70 36 -1 -1 -1 -1 
254 23 21 343 49 50 -1 -1 -1 -1 
255 18 217 402 73 41 -1 -1 -1 -1 
255 22 57 400 72 36 -1 -1 -1 -1 
255 23 8 344 47 49 -1 -1 -1 -1 
256 18 205 403 77 41 -1 -1 -1 -1 
256 22 47 400 72 35 -1 -1 -1 -1 
256 23 0 345 42 49 -1 -1 -1 -1 
257 18 201 403 75 41 -1 -1 -1 -1 
257 22 44 400 70 36 -1 -1 -1 -1 
257 23 0 347 37 46 -1 -1 -1 -1 
258 18 196 404 74 40 -1 -1 -1 -1 
258 22 36 401 72 35 -1 -1 -1 -1 
258 23 0 347 29 46 -1 -1 -1 -1 
259 18 190 404 73 40 -1 -1 -1 -1 
259 22 30 401 69 36 -1 -1 -1 -1 
259 23 0 345 23 50 -1 -1 -1 -1 
260 18 185 405 75 39 -1 -1 -1 -1 
260 22 25 402 68 36 -1 -1 -1 -1 
260 23 0 346 16 49 -1 -1 -1 -1 
261 18 184 405 75 39 -1 -1 -1 -1 
261 22 23 402 69 36 -1 -1 -1 -1 
261 23 0 347 16 47 -1 -1 -1 -1 
262 18 184 405 75 40 -1 -1 -1 -1 
262 22 22 402 70 36 -1 -1 -1 -1 
262 23 0 348 14 46 -1 -1 -1 -1 
263 18 183 405 75 40 -1 -1 -1 -1 
263 22 22 403 71 35 -1 -1 -1 -1 
263 23 0 350 14 43 -1 -1 -1 -1 
264 18 178 405 76 42 -1 -1 -1 -1 
264 22 26 404 65 34 -1 -1 -1 -1 
265 18 159 409 76 40 -1 -1 -1 -1 
265 22 8 406 65 36 -1 -1 -1 -1 
273 26 17 403 291 316 -1 -1 -1 -1 
274 26 2 409 237 310 -1 -1 -1 -1 
282 29 605 0 354 582 -1 -1 -1 -1 
283 29 554 0 405 576 -1 -1 -1 -1 
284 29 520 0 437 575 -1 -1 -1 -1 
285 29 452 0 485 564 -1 -1 -1 -1 
286 29 422 0 472 556 -1 -1 -1 -1 
287 29 389 0 458 551 -1 -1 -1 -1 
288 29 342 0 448 548 -1 -1 -1 -1 
289 29 316 0 448 548 -1 -1 -1 -1 
289 40 883 164 33 30 -1 -1 -1 -1 
290 29 276 0 447 549 -1 -1 -1 -1 
290 40 884 163 34 30 -1 -1 -1 -1 
290 46 802 167 61 28 -1 -1 -1 -1 
291 29 247 0 441 542 -1 -1 -1 -1 
291 46 812 164 34 30 -1 -1 -1 -1 
292 29 211 0 452 541 -1 -1 -1 -1 
292 46 810 163 36 31 -1 -1 -1 -1 
292 54 773 165 33 30 -1 -1 -1 -1 
292 55 743 168 31 27 -1 -1 -1 -1 
293 29 195 0 438 544 -1 -1 -1 -1 
293 54 759 164 34 30 -1 -1 -1 -1 
293 55 727 167 60 27 -1 -1 -1 -1 
293 56 722 167 30 28 -1 -1 -1 -1 
294 29 167 0 451 543 -1 -1 -1 -1 
294 54 754 163 34 30 -1 -1 -1 -1 
294 55 704 167 61 27 -1 -1 -1 -1 
294 56 727 166 31 29 -1 -1 -1 -1 
294 60 697 168 31 28 -1 -1 -1 -1 
294 61 667 169 30 26 -1 -1 -1 -1 
295 29 143 0 447 545 -1 -1 -1 -1 
295 55 697 167 62 27 -1 -1 -1 -1 
295 56 730 166 32 29 -1 -1 -1 -1 
295 60 703 167 31 29 -1 -1 -1 -1 
295 61 672 170 31 26 -1 -1 -1 -1 
296 29 128 0 452 546 -1 -1 -1 -1 
296 60 697 167 31 28 -1 -1 -1 -1 
296 61 667 170 30 27 -1 -1 -1 -1 
296 64 637 170 29 27 -1 -1 -1 -1 
297 29 104 0 460 543 -1 -1 -1 -1 
297 60 698 166 30 29 -1 -1 -1 -1 
297 61 674 168 29 28 -1 -1 -1 -1 
297 64 644 169 30 28 -1 -1 -1 -1 
297 69 616 170 32 27 -1 -1 -1 -1 
298 29 90 0 461 542 -1 -1 -1 -1 
298 61 665 168 31 28 -1 -1 -1 -1 
298 64 632 169 58 28 -1 -1 -1 -1 
298 69 606 171 30 27 -1 -1 -1 -1 
299 29 81 0 461 543 -1 -1 -1 -1 
299 61 658 168 30 29 -1 -1 -1 -1 
299 64 626 170 61 27 -1 -1 -1 -1 
299 69 598 172 29 27 -1 -1 -1 -1 
299 71 581 138 31 28 -1 -1 -1 -1 
299 73 569 172 31 26 -1 -1 -1 -1 
300 29 77 0 458 542 -1 -1 -1 -1 
300 61 652 167 29 30 -1 -1 -1 -1 
300 64 626 170 61 27 -1 -1 -1 -1 
300 69 590 173 30 26 -1 -1 -1 -1 
300 71 575 137 30 30 -1 -1 -1 -1 
300 73 564 171 28 28 -1 -1 -1 -1 
300 74 622 172 29 26 -1 -1 -1 -1 
301 29 58 0 480 537 -1 -1 -1 -1 
301 61 643 169 29 28 -1 -1 -1 -1 
301 69 581 173 31 26 -1 -1 -1 -1 
301 71 566 138 30 29 -1 -1 -1 -1 
301 73 555 171 28 27 -1 -1 -1 -1 
301 74 612 172 30 27 -1 -1 -1 -1 
301 75 27 168 21 33 -1 -1 -1 -1 
302 29 51 0 482 536 -1 -1 -1 -1 
302 61 637 169 28 28 -1 -1 -1 -1 
302 69 576 173 30 27 -1 -1 -1 -1 
302 71 560 139 30 28 -1 -1 -1 -1 
302 73 549 171 28 28 -1 -1 -1 -1 
302 74 606 173 29 26 -1 -1 -1 -1 
302 75 20 169 22 32 -1 -1 -1 -1 
303 29 44 0 477 537 -1 -1 -1 -1 
303 61 630 171 28 27 -1 -1 -1 -1 
303 69 568 173 31 27 -1 -1 -1 -1 
303 71 553 139 30 29 -1 -1 -1 -1 
303 73 541 173 30 26 -1 -1 -1 -1 
303 74 599 173 29 27 -1 -1 -1 -1 
303 75 10 170 21 31 -1 -1 -1 -1 
304 29 39 0 475 539 -1 -1 -1 -1 
304 61 625 171 28 28 -1 -1 -1 -1 
304 69 564 174 31 27 -1 -1 -1 -1 
304 71 549 139 28 30 -1 -1 -1 -1 
304 73 538 173 28 27 -1 -1 -1 -1 
304 74 594 174 29 27 -1 -1 -1 -1 
304 75 4 170 23 33 -1 -1 -1 -1 
305 29 28 0 487 536 -1 -1 -1 -1 
305 61 619 172 29 27 -1 -1 -1 -1 
305 69 560 174 27 28 -1 -1 -1 -1 
305 71 543 141 30 29 -1 -1 -1 -1 
305 73 532 174 29 26 -1 -1 -1 -1 
305 74 589 174 30 27 -1 -1 -1 -1 
305 75 1 170 19 33 -1 -1 -1 -1 
306 29 25 0 486 537 -1 -1 -1 -1 
306 61 617 173 28 27 -1 -1 -1 -1 
306 69 556 175 29 28 -1 -1 -1 -1 
306 71 540 142 31 28 -1 -1 -1 -1 
306 73 530 175 28 26 -1 -1 -1 -1 
306 74 587 175 29 26 -1 -1 -1 -1 
306 75 1 171 17 33 -1 -1 -1 -1 
307 29 24 0 487 538 -1 -1 -1 -1 
307 61 615 173 28 28 -1 -1 -1 -1 
307 69 554 177 31 27 -1 -1 -1 -1 
307 71 539 143 30 27 -1 -1 -1 -1 
307 73 528 176 28 26 -1 -1 -1 -1 
307 74 585 175 28 27 -1 -1 -1 -1 
307 75 0 174 16 31 -1 -1 -1 -1 
308 29 24 0 482 544 -1 -1 -1 -1 
308 61 613 174 29 28 -1 -1 -1 -1 
308 69 553 178 30 26 -1 -1 -1 -1 
308 71 537 143 30 28 -1 -1 -1 -1 
308 73 526 177 28 26 -1 -1 -1 -1 
308 74 584 176 28 27 -1 -1 -1 -1 
308 75 0 174 13 31 -1 -1 -1 -1 
309 29 13 0 455 557 -1 -1 -1 -1 
309 61 609 175 29 28 -1 -1 -1 -1 
309 69 543 178 30 27 -1 -1 -1 -1 
309 71 533 144 29 28 -1 -1 -1 -1 
309 73 514 178 30 27 -1 -1 -1 -1 
309 74 574 175 30 29 -1 -1 -1 -1 
309 75 0 175 10 30 -1 -1 -1 -1 
310 29 2 0 441 558 -1 -1 -1 -1 
310 69 538 176 29 29 -1 -1 -1 -1 
310 73 508 179 31 27 -1 -1 -1 -1 
310 74 569 176 30 29 -1 -1 -1 -1 
311 29 0 0 410 552 -1 -1 -1 -1 
311 69 533 177 29 29 -1 -1 -1 -1 
311 73 505 177 31 28 -1 -1 -1 -1 
311 79 477 178 31 28 -1 -1 -1 -1 
312 29 7 0 347 557 -1 -1 -1 -1 
312 73 500 178 31 28 -1 -1 -1 -1 
312 79 475 178 32 28 -1 -1 -1 -1 
312 82 442 177 31 29 -1 -1 -1 -1 
313 29 12 0 266 579 -1 -1 -1 -1 
313 82 439 176 32 30 -1 -1 -1 -1 
314 29 3 0 237 588 -1 -1 -1 -1 
314 90 340 178 33 28 -1 -1 -1 -1 
315 29 0 0 208 592 -1 -1 -1 -1 
315 90 337 177 34 28 -1 -1 -1 -1 
316 102 236 176 32 30 -1 -1 -1 -1 
317 102 233 175 32 30 -1 -1 -1 -1 
317 104 164 176 34 30 -1 -1 -1 -1 
318 104 160 175 34 30 -1 -1 -1 -1 
318 109 125 174 35 32 -1 -1 -1 -1 
319 109 121 173 36 32 -1 -1 -1 -1 
319 112 86 175 36 30 -1 -1 -1 -1 
319 113 51 176 35 30 -1 -1 -1 -1 
320 112 83 174 37 30 -1 -1 -1 -1 
329 121 716 20 243 260 -1 -1 -1 -1 
330 121 620 26 339 247 -1 -1 -1 -1 
331 121 569 24 390 253 -1 -1 -1 -1 
332 121 518 24 441 249 -1 -1 -1 -1 
333 121 491 28 464 241 -1 -1 -1 -1 
334 121 435 33 523 236 -1 -1 -1 -1 
335 121 391 37 554 229 -1 -1 -1 -1 
336 121 365 36 576 228 -1 -1 -1 -1 
337 121 337 42 605 222 -1 -1 -1 -1 
338 121 324 45 611 215 -1 -1 -1 -1 
339 121 308 48 604 209 -1 -1 -1 -1 
341 123 778 60 181 185 -1 -1 -1 -1 
342 123 765 65 193 178 -1 -1 -1 -1 
343 123 749 61 207 189 -1 -1 -1 -1 
347 124 737 57 222 200 -1 -1 -1 -1 
